y=month/cost
x=happiness

1
5 8
3 1
5 3
3 4
1 5
5 3

5 months
8$/m
		happiness
c|h	money	0	1	2	3	4	5	6	7	8	9	10	11	12
3|1	0	0	INF	INF	INF	INF	INF	INF	INF	INF	INF	INF	INF	INF
5|3	8	0	3	INF	5	8	INF	INF	INF	INF	INF	INF	INF	INF
3|4	16	0	3	INF	5	3	INF	INF	8	11	INF	INF	INF	INF
1|5	24	0	3	INF	5	3	1	4	8	6	4	INF	INF	9	
5|3	32	0	3	INF	5	3	1	4	8	6	4	13	11	



1
2 80
0 10
200 100

2 months
80$/month



1
3 100
70 100
100 200
150 150

3 months
100$/month




1000

1
41 15851482
61414464 2
2501069 1
7559258 3
2937957 3
2028393 2
49478888 1
45320372 2
39076340 1
71878055 2
42431937 2
83248908 2
64667509 1
51855480 2
42117046 1
46748935 6
69550721 1
18682955 4
77767737 1
62204288 3
27281411 1
11205125 6
41666384 2
427527 3
29052858 1
43354239 1
9350932 5
93858909 1
24051131 2
54463493 1
34369586 2
86189562 1
65062894 2
12975832 1
91808621 1
94525831 1
56751244 2
66531501 1
15786010 1
68324452 1
9509031 4
84998189 3

